! 1 1e-05 7.59721158948945 -3.54003283211544
! 2 2e-05 15.1944231750077 -3.5400328312702
! 3 3e-05 22.7916347524515 -3.54003282986336
! 4 4e-05 30.3888463179094 -3.54003282790605
! 5 5e-05 37.9860578672088 -3.54003282538905
! 6 6e-05 45.5832693964672 -3.54003282230769
! 7 7e-05 53.1804809017062 -3.54003281866488
! 8 8e-05 60.7776923787748 -3.54003281446775
! 9 9e-05 68.3749038237596 -3.54003280971426
! 10 0.0001 75.9721152325986 -3.54003280438262
! 11 0.00011 83.5693266012908 -3.5400327985071
! 12 0.00012 91.1665379258567 -3.54003279206543
! 13 0.00013 98.7637492021964 -3.54003278506446
! 14 0.00014 106.360960426387 -3.54003277750491
! 15 0.00015 113.958171594362 -3.54003276938224
! 16 0.00016 121.555382702091 -3.54003276070746
! 17 0.00017 129.152593745607 -3.54003275146485
! 18 0.00018 136.749804720844 -3.54003274166802
! 19 0.00019 144.347015623865 -3.54003273130734
! 20 0.0002 151.944226450583 -3.54003272038364
! 21 0.00021 159.541437197059 -3.54003270890293
! 22 0.00022 167.13864785916 -3.54003269686339
! 23 0.00023 174.735858432988 -3.5400326842549
! 24 0.00024 182.333068914487 -3.54003267110063
! 25 0.00025 189.93027929961 -3.54003265738634
! 26 0.00026 197.527489584307 -3.54003264309682
! 27 0.00027 205.1246997647 -3.54003262826044
! 28 0.00028 212.721909836718 -3.54003261285422
! 29 0.00029 220.319119796229 -3.54003259690185
! 30 0.0003 227.91632963941 -3.54003258037121
! 31 0.00031 235.513539362109 -3.54003256329217
! 32 0.00032 243.110748960355 -3.54003254565556
! 33 0.00033 250.70795843017 -3.54003252745578
! 34 0.00034 258.305167767477 -3.54003250869335
! 35 0.00035 265.902376968285 -3.54003248937282
! 36 0.00036 273.49958602857 -3.54003246949204
! 37 0.00037 281.096794944352 -3.54003244904991
! 38 0.00038 288.694003711572 -3.54003242804758
! 39 0.00039 296.29121232627 -3.54003240648941
! 40 0.0004 303.888420784356 -3.5400323843659
! 41 0.00041 311.485629081902 -3.54003236168964
! 42 0.00042 319.082837214833 -3.54003233843967
! 43 0.00043 326.680045179134 -3.54003231464643
! 44 0.00044 334.277252970878 -3.54003229028121
! 45 0.00045 341.874460585889 -3.54003226536247
! 46 0.00046 349.47166802026 -3.54003223988248
! 47 0.00047 357.068875269957 -3.54003221384127
! 48 0.00048 364.666082330966 -3.54003218724374
! 49 0.00049 372.26328919932 -3.54003216007878
! 50 0.0005 379.860495870921 -3.54003213235226
! 51 0.00051 387.457702341821 -3.54003210407235
! 52 0.00052 395.054908607939 -3.54003207522954
! 53 0.000530000000000001 402.652114665345 -3.54003204583122
! 54 0.000540000000000001 410.249320509908 -3.54003201587266
! 55 0.00055 417.846526137727 -3.54003198534818
! 56 0.00056 425.443731544749 -3.54003195426809
! 57 0.000570000000000001 433.040936726916 -3.54003192262503
! 58 0.000580000000000001 440.638141680299 -3.54003189042639
! 59 0.000590000000000001 448.235346400772 -3.54003185766504
! 60 0.000600000000000001 455.832550884444 -3.54003182434452
! 61 0.000610000000000001 463.429755127214 -3.54003179046149
! 62 0.000620000000000001 471.026959125093 -3.54003175600758
! 63 0.000630000000000001 478.624162874077 -3.54003172101597
! 64 0.000640000000000001 486.221366370157 -3.54003168545783
! 65 0.000650000000000001 493.818571922392 -3.54003164933455
! 66 0.000660000000000001 501.415780119506 -3.54003161265319
! 67 0.000670000000000001 509.012987758694 -3.54003157540533
! 68 0.000680000000000001 516.61019483586 -3.54003153760954
! 69 0.000690000000000001 524.207401347124 -3.54003149924376
! 70 0.000700000000000001 531.804607288317 -3.54003146032367
! 71 0.000710000000000001 539.40181265554 -3.54003142084166
! 72 0.000720000000000001 546.999017444733 -3.54003138079677
! 73 0.000730000000000001 554.596221651988 -3.5400313401965
! 74 0.000740000000000001 562.193425273155 -3.54003129904016
! 75 0.000750000000000001 569.790628304307 -3.54003125731325
! 76 0.000760000000000001 577.387830741397 -3.54003121502953
! 77 0.000770000000000001 584.985032580408 -3.54003117218442
! 78 0.000780000000000001 592.582233817385 -3.54003112878966
! 79 0.000790000000000001 600.179434448308 -3.54003108482508
! 80 0.000800000000000001 607.776634469124 -3.54003104030641
! 81 0.000810000000000001 615.373833875917 -3.54003099522499
! 82 0.000820000000000001 622.971032664559 -3.54003094958494
! 83 0.000830000000000001 630.568230831118 -3.54003090337771
! 84 0.000840000000000001 638.165428371567 -3.54003085661405
! 85 0.000850000000000001 645.762625281909 -3.54003080929467
! 86 0.000860000000000001 653.359821558116 -3.54003076141345
! 87 0.000870000000000001 660.957017196177 -3.54003071296764
! 88 0.000880000000000001 668.554212192074 -3.54003066396247
! 89 0.000890000000000001 676.15140654179 -3.54003061440287
! 90 0.000900000000000001 683.748601488446 -3.5400305642805
! 91 0.000910000000000001 691.345796333698 -3.54003051359782
! 92 0.000920000000000001 698.942990478976 -3.54003046235244
! 93 0.000930000000000001 706.540183920235 -3.54003041055371
! 94 0.000940000000000001 714.137376653515 -3.54003035819025
! 95 0.000950000000000001 721.734568674734 -3.54003030526857
! 96 0.000960000000000001 729.3317599799 -3.54003025178553
! 97 0.000970000000000001 736.928950565025 -3.54003019774318
! 98 0.000980000000000001 744.526140426021 -3.54003014314042
! 99 0.000990000000000001 752.123329558947 -3.54003008797838
! 100 0.001 759.720517959686 -3.54003003225618
! 101 0.00101 767.317705624309 -3.54002997596995
! 102 0.00102 774.914892548783 -3.54002991913109
! 103 0.00103 782.512078729049 -3.54002986173152
! 104 0.00104 790.109264161116 -3.54002980376398
! 105 0.00105 797.706448840904 -3.54002974524166
! 106 0.00106 805.303632764476 -3.5400296861587
! 107 0.00107 812.900815927818 -3.54002962651671
! 108 0.00108 820.497998326848 -3.54002956631287
! 109 0.00109 828.095179957543 -3.54002950554989
! 110 0.0011 835.692360815912 -3.54002944422862
! 111 0.00111 843.289540897946 -3.54002938234537
! 112 0.00112 850.886720199622 -3.54002931990535
! 113 0.00113 858.483898716929 -3.54002925689606
! 114 0.00114 866.081076445846 -3.54002919333285
! 115 0.00115 873.678253382342 -3.54002912921221
! 116 0.00116 881.275429522329 -3.54002906452893
! 117 0.00117 888.872604861905 -3.54002899928674
! 118 0.00118 896.469779396942 -3.54002893348419
! 119 0.00119 904.066953123548 -3.54002886712034
! 120 0.0012 911.664126037606 -3.54002880019622
! 121 0.00121 919.261298135102 -3.54002873272246
! 122 0.00122 926.858469246859 -3.54002866467321
! 123 0.00123 934.45563723256 -3.54002859606517
! 124 0.00124 942.05280494251 -3.5400285269025
! 125 0.00125 949.649972372462 -3.54002845717953
! 126 0.00126 957.247139518603 -3.54002838690241
! 127 0.00127 964.844306376784 -3.54002831605581
! 128 0.00128 972.441472943101 -3.54002824465112
! 129 0.00129 980.038639213509 -3.5400281726854
! 130 0.0013 987.635805740803 -3.54002810017011
! 131 0.00131 995.232972068848 -3.54002802709122
! 132 0.00132 1002.83013807075 -3.54002795344388
! 133 0.00133 1010.42730751331 -3.54002787923379
! 134 0.00134 1018.02448269931 -3.54002780447331
! 135 0.00135 1025.62166244375 -3.54002772914616
! 136 0.00136 1033.21884371089 -3.54002765326733
! 137 0.00137 1040.81602866681 -3.54002757682593
! 138 0.00138 1048.41321827555 -3.54002749982514
! 139 0.00139 1056.01041253305 -3.54002742225936
! 140 0.0014 1063.60761143546 -3.54002734413254
! 141 0.00141 1071.20481497882 -3.54002726545043
! 142 0.00142 1078.80202315908 -3.54002718620633
! 143 0.00143 1086.39923597233 -3.54002710639777
! 144 0.00144 1093.99645341467 -3.54002702603846
! 145 0.00145 1101.59367548203 -3.5400269451163
! 146 0.00146 1109.1909021706 -3.5400268636327
! 147 0.00147 1116.7881334762 -3.54002678158231
! 148 0.00148 1124.38536939508 -3.54002669898183
! 149 0.00149 1131.98260992314 -3.54002661582351
! 150 0.0015 1139.57985505645 -3.54002653209817
! 151 0.00151 1147.1771047911 -3.54002644781604
! 152 0.00152 1154.77435912313 -3.54002636297352
! 153 0.00153 1162.37161804853 -3.5400262775627
! 154 0.00154 1169.96888156338 -3.54002619160138
! 155 0.00155 1177.56614966362 -3.54002610506935
! 156 0.00156 1185.16342234549 -3.54002601799212
! 157 0.00157 1192.76069960484 -3.54002593035217
! 158 0.00158 1200.35798143774 -3.54002584214303
! 159 0.00159 1207.95526784029 -3.54002575338001
! 160 0.0016 1215.55255880852 -3.54002566405476
! 161 0.00161 1223.14985433849 -3.54002557417236
! 162 0.00162 1230.74715442617 -3.54002548372571
! 163 0.00163 1238.34445906764 -3.54002539272346
! 164 0.00164 1245.94176825895 -3.54002530115614
! 165 0.00165 1253.53908199608 -3.54002520903661
! 166 0.00166 1261.13640027513 -3.54002511634464
! 167 0.00167 1268.7337230922 -3.54002502310512
! 168 0.00168 1276.33105044317 -3.54002492930018
! 169 0.00169 1283.92838232414 -3.54002483493684
! 170 0.0017 1291.52571873118 -3.5400247400036
! 171 0.00171 1299.12305966035 -3.54002464452717
! 172 0.00172 1306.72040510763 -3.54002454848082
! 173 0.00173 1314.31775506916 -3.54002445187512
! 174 0.00174 1321.91510954086 -3.54002435471034
! 175 0.00175 1329.5124685188 -3.5400242569842
! 176 0.00176 1337.10983199907 -3.54002415870236
! 177 0.00177 1344.70719997767 -3.54002405985763
! 178 0.00178 1352.30457245061 -3.540023960452
! 179 0.00179 1359.90194941402 -3.54002386048838
! 180 0.0018 1367.49933086384 -3.54002375996138
! 181 0.00181 1375.09671679619 -3.54002365887778
! 182 0.00182 1382.69410720697 -3.54002355722777
! 183 0.00183 1390.29150209245 -3.54002345502733
! 184 0.00184 1397.88890144846 -3.54002335226557
! 185 0.00185 1405.48630527113 -3.54002324894127
! 186 0.00186 1413.08371355652 -3.54002314505349
! 187 0.00187 1420.68112630064 -3.54002304061323
! 188 0.00188 1428.2785434995 -3.54002293560416
! 189 0.00189 1435.87596514917 -3.54002283003358
! 190 0.0019 1443.47339124568 -3.54002272390449
! 191 0.00191 1451.07082178511 -3.54002261722842
! 192 0.00192 1458.66825676344 -3.54002250998483
! 193 0.00193 1466.26569617673 -3.54002240218002
! 194 0.00194 1473.86314002101 -3.54002229381207
! 195 0.00195 1481.46058829234 -3.5400221848877
! 196 0.00196 1489.05804098671 -3.54002207539812
! 197 0.00197 1496.65549810026 -3.54002196535119
! 198 0.00198 1504.25295962896 -3.54002185474988
! 199 0.00199 1511.8504255688 -3.54002174357803
! 200 0.002 1519.44789591593 -3.54002163185419
! 201 0.00201 1527.04537066631 -3.54002151956736
! 202 0.00202 1534.642849816 -3.54002140672505
! 203 0.00203 1542.24033336111 -3.54002129331621
! 204 0.00204 1549.83782129754 -3.54002117935103
! 205 0.00205 1557.43531362137 -3.54002106483002
! 206 0.00206 1565.03281032878 -3.54002094973842
! 207 0.00207 1572.63031141563 -3.54002083408878
! 208 0.00208 1580.22781687798 -3.54002071788484
! 209 0.00209 1587.82532671204 -3.5400206011222
! 210 0.0021 1595.42284091357 -3.54002048379497
! 211 0.00211 1603.02035947889 -3.54002036590687
! 212 0.00212 1610.61788240388 -3.54002024747007
! 213 0.00213 1618.21540968455 -3.54002012845607
! 214 0.00214 1625.81294131708 -3.54002000888998
! 215 0.00215 1633.4104772974 -3.54001988876222
! 216 0.00216 1641.00801762156 -3.54001976807634
! 217 0.00217 1648.60556228561 -3.54001964683003
! 218 0.00218 1656.20311128562 -3.54001952502848
! 219 0.00219 1663.80066461763 -3.5400194026604
! 220 0.0022 1671.39822227759 -3.54001927972688
! 221 0.00221 1678.99578426166 -3.54001915624791
! 222 0.00222 1686.59335052486 -3.54001903219506
! 223 0.00223 1694.19091942175 -3.54001890758906
! 224 0.00224 1701.78849257253 -3.54001878242705
! 225 0.00225 1709.38606997322 -3.54001865669603
! 226 0.00226 1716.98365161981 -3.54001853040223
! 227 0.00227 1724.58123750842 -3.54001840356235
! 228 0.00228 1732.17882763508 -3.54001827615856
! 229 0.00229 1739.77642199584 -3.54001814818741
! 230 0.0023 1747.37402058675 -3.54001801965996
! 231 0.00231 1754.97162340373 -3.54001789057231
! 232 0.00232 1762.56923044301 -3.54001776092484
! 233 0.00233 1770.16684170059 -3.54001763072187
! 234 0.00234 1777.76445717243 -3.54001749994594
! 235 0.00235 1785.36207685469 -3.54001736862324
! 236 0.00236 1792.95970074329 -3.54001723674675
! 237 0.00237 1800.55732883436 -3.54001710428969
! 238 0.00238 1808.15496112392 -3.54001697127894
! 239 0.00239 1815.75259760802 -3.5400168377164
! 240 0.0024 1823.35023828271 -3.54001670357684
! 241 0.00241 1830.94788314399 -3.54001656889989
! 242 0.00242 1838.54553218796 -3.54001643365012
! 243 0.00243 1846.14318541069 -3.54001629784327
! 244 0.00244 1853.74084471653 -3.54001616147779
! 245 0.00245 1861.33851054779 -3.54001602454874
! 246 0.00246 1868.93618068232 -3.54001588705797
! 247 0.00247 1876.53385511601 -3.5400157490111
! 248 0.00248 1884.13153384489 -3.54001561040247
! 249 0.00249 1891.72921686503 -3.54001547123437
! 250 0.0025 1899.32690417229 -3.54001533150627
! 251 0.00251 1906.92459576281 -3.54001519122089
! 252 0.00252 1914.52229163268 -3.54001505037099
! 253 0.00253 1922.11999177774 -3.5400149089574
! 254 0.00254 1929.71769619405 -3.54001476699175
! 255 0.00255 1937.31540487761 -3.54001462445976
! 256 0.00256 1944.91311782451 -3.54001448137795
! 257 0.00257 1952.51083503063 -3.54001433772126
! 258 0.00258 1960.10855649202 -3.54001419351463
! 259 0.00259 1967.70628220482 -3.54001404874648
! 260 0.0026 1975.30401216482 -3.54001390341916
! 261 0.00261 1982.90174636823 -3.54001375752985
! 262 0.00262 1990.49948481085 -3.54001361107777
! 263 0.00263 1998.09722748896 -3.54001346406575
! 264 0.00264 2005.69497439833 -3.54001331650471
! 265 0.00265 2013.2927255351 -3.54001316836865
! 266 0.00266 2020.89048089519 -3.54001301968427
! 267 0.00267 2028.48824047464 -3.54001287043566
! 268 0.00268 2036.08600426953 -3.54001272062179
! 269 0.00269 2043.68377227572 -3.5400125702547
! 270 0.0027 2051.2815444894 -3.54001241932655
! 271 0.00271 2058.87932090645 -3.54001226783374
! 272 0.00272 2066.4771015229 -3.54001211577986
! 273 0.00273 2074.0748863348 -3.540011963178
! 274 0.00274 2081.67267533814 -3.5400118100059
! 275 0.00275 2089.27046852888 -3.5400116562732
! 276 0.00276 2096.86826590304 -3.54001150197997
! 277 0.00277 2104.46606745677 -3.54001134713157
! 278 0.00278 2112.0638731859 -3.54001119172333
! 279 0.00279 2119.66168308655 -3.54001103574922
! 280 0.0028 2127.25949715454 -3.54001087921475
! 281 0.00281 2134.85731538616 -3.54001072213612
! 282 0.00282 2142.45513777719 -3.54001056448259
! 283 0.00283 2150.05296432384 -3.54001040626991
! 284 0.00284 2157.65079502194 -3.54001024749758
! 285 0.00285 2165.24862986753 -3.54001008817182
! 286 0.00286 2172.84646885668 -3.54000992827408
! 287 0.00287 2180.44431198542 -3.54000976782497
! 288 0.00288 2188.04215924971 -3.54000960681146
! 289 0.00289 2195.64001064545 -3.54000944524519
! 290 0.0029 2203.23786616884 -3.54000928311249
! 291 0.00291 2210.8357258158 -3.54000912041873
! 292 0.00292 2218.43358958229 -3.54000895717074
! 293 0.00293 2226.03145746439 -3.54000879336103
! 294 0.00294 2233.62932945812 -3.54000862898881
! 295 0.00295 2241.22720555946 -3.54000846405706
! 296 0.00296 2248.82508576439 -3.54000829856604
! 297 0.00297 2256.42297006895 -3.54000813251884
! 298 0.00298 2264.02085846915 -3.54000796590273
! 299 0.00299 2271.61875096096 -3.54000779872624
! 300 0.003 2279.21664754047 -3.54000763099723
! 301 0.00301 2286.81454820358 -3.54000746270453
! 302 0.00302 2294.41245294637 -3.54000729385508
! 303 0.00303 2302.01036176481 -3.54000712444138
! 304 0.00304 2309.60827465496 -3.54000695447023
! 305 0.00305 2317.20619161281 -3.54000678393519
! 306 0.00306 2324.80411263431 -3.54000661284353
! 307 0.00307 2332.40203771553 -3.54000644119183
! 308 0.00308 2339.99996685247 -3.54000626897576
! 309 0.00309 2347.59790004107 -3.54000609620737
! 310 0.0031 2355.1958372775 -3.54000592287311
! 311 0.00311 2362.79377855757 -3.54000574898282
! 312 0.00312 2370.39172387743 -3.5400055745253
! 313 0.00313 2377.98967323302 -3.54000539951741
! 314 0.00314 2385.58762662039 -3.54000522394237
! 315 0.00315 2393.18558403548 -3.54000504780783
! 316 0.00316 2400.78354547438 -3.54000487111235
! 317 0.00317 2408.3815109331 -3.54000469386631
! 318 0.00318 2415.97948040752 -3.54000451605026
! 319 0.00319 2423.57745389375 -3.54000433767661
! 320 0.0032 2431.17543138779 -3.54000415874821
! 321 0.00321 2438.7734128857 -3.54000397925622
! 322 0.00322 2446.37139838337 -3.54000379919876
! 323 0.00323000000000001 2453.96938787687 -3.54000361857862
! 324 0.00324000000000001 2461.56738136223 -3.54000343741077
! 325 0.00325000000000001 2469.16537883542 -3.54000325568005
! 326 0.00326000000000001 2476.76338029244 -3.54000307338109
! 327 0.00327000000000001 2484.36138572937 -3.54000289052828
! 328 0.00328000000000001 2491.9593951421 -3.54000270711008
! 329 0.00329000000000001 2499.55740852671 -3.54000252313554
! 330 0.00330000000000001 2507.15542587922 -3.54000233860748
! 331 0.00331000000000001 2514.75344719561 -3.54000215350606
! 332 0.00332000000000001 2522.35147247189 -3.54000196784783
! 333 0.00333000000000001 2529.94950170404 -3.54000178164403
! 334 0.00334000000000001 2537.54753488815 -3.54000159486759
! 335 0.00335000000000001 2545.14557202018 -3.54000140752855
! 336 0.00336000000000001 2552.74361309603 -3.54000121963972
! 337 0.00337000000000001 2560.34165811188 -3.54000103118492
! 338 0.00338000000000001 2567.93970706367 -3.54000084216887
! 339 0.00339000000000001 2575.53775994747 -3.54000065259871
! 340 0.00340000000000001 2583.13581675913 -3.54000046245689
! 341 0.00341000000000001 2590.73387749478 -3.54000027175992
! 342 0.00342000000000001 2598.33194215038 -3.54000008050158
! 343 0.00343000000000001 2605.93001072195 -3.53999988869079
! 344 0.00344000000000001 2613.52808320552 -3.53999969630855
! 345 0.00345000000000001 2621.1261595971 -3.53999950338183
! 346 0.00346000000000001 2628.72423989264 -3.53999930988035
! 347 0.00347000000000001 2636.32232408818 -3.53999911582786
! 348 0.00348 2643.92041217971 -3.53999892121206
! 349 0.00349 2651.51850416335 -3.53999872603052
! 350 0.0035 2659.11660003493 -3.53999853029877
! 351 0.00351 2666.71469979058 -3.53999833399929
! 352 0.00352 2674.31280342626 -3.53999813713962
! 353 0.00353 2681.91091093791 -3.5399979397262
! 354 0.00354 2689.50902232168 -3.53999774175088
! 355 0.00355 2697.10713757349 -3.53999754321949
! 356 0.00356 2704.70525668935 -3.53999734412208
! 357 0.00357 2712.30337966531 -3.53999714446541
! 358 0.00358 2719.90150649741 -3.53999694425372
! 359 0.00359 2727.49963718152 -3.53999674347482
! 360 0.0036 2735.09777171376 -3.53999654213228
! 361 0.00361 2742.69591009007 -3.53999634023586
! 362 0.00362 2750.29405230647 -3.53999613777689
! 363 0.00363 2757.89219835898 -3.53999593476226
! 364 0.00364 2765.49034824363 -3.53999573118242
! 365 0.00365 2773.08850195642 -3.53999552704798
! 366 0.00366 2780.6866594933 -3.53999532234333
! 367 0.00367 2788.28482085038 -3.53999511709001
! 368 0.00368 2795.88298602362 -3.53999491127194
! 369 0.00369 2803.48115500894 -3.53999470489733
! 370 0.0037 2811.07932780251 -3.5399944979504
! 371 0.00371 2818.67750440015 -3.53999429045324
! 372 0.00372 2826.27568479807 -3.53999408240103
! 373 0.00373 2833.87386899205 -3.53999387377767
! 374 0.00374 2841.47205697827 -3.53999366460315
! 375 0.00374999999999999 2849.07024794285 -3.53999345486656
! 376 0.00375999999999999 2856.66843945306 -3.5399932445602
! 377 0.00376999999999999 2864.26663015514 -3.53999303371013
! 378 0.00377999999999999 2871.86482913704 -3.53999282228405
! 379 0.00378999999999999 2879.46303639493 -3.53999261031001
! 380 0.00379999999999999 2887.06125192467 -3.53999239776962
! 381 0.00380999999999999 2894.65947572245 -3.53999218466896
! 382 0.00381999999999999 2902.25770778406 -3.53999197101147
! 383 0.00382999999999999 2909.85594810557 -3.53999175678745
! 384 0.00383999999999999 2917.45419668305 -3.53999154201084
! 385 0.00384999999999999 2925.05245351248 -3.53999132667195
! 386 0.00385999999999999 2932.65071858983 -3.53999111078292
! 387 0.00386999999999999 2940.24899199796 -3.53999089431131
! 388 0.00387999999999999 2947.84727650809 -3.53999067729562
! 389 0.00388999999999999 2955.4455698663 -3.53999045971474
! 390 0.00389999999999999 2963.04387206856 -3.53999024157976
! 391 0.00390999999999999 2970.64218311081 -3.53999002287539
! 392 0.00391999999999999 2978.24050298915 -3.53998980360525
! 393 0.00392999999999999 2985.83883169944 -3.53998958379412
! 394 0.00393999999999999 2993.43716923784 -3.53998936341413
! 395 0.00394999999999999 3001.03551560016 -3.53998914247039
! 396 0.00395999999999999 3008.63387078239 -3.53998892097174
! 397 0.00396999999999999 3016.23223478063 -3.53998869890738
! 398 0.00397999999999999 3023.83060759084 -3.53998847628434
! 399 0.00398999999999999 3031.42898920898 -3.53998825310277
! 400 0.00399999999999999 3039.02737963102 -3.53998802936662
! 401 0.00400999999999998 3046.62577885298 -3.53998780506917
! 402 0.00401999999999999 3054.22418833756 -3.5399875802067
! 403 0.00402999999999998 3061.82260712172 -3.53998735477957
! 404 0.00403999999999998 3069.42103466956 -3.53998712880245
! 405 0.00404999999999998 3077.0194709769 -3.53998690226114
! 406 0.00405999999999998 3084.61791603999 -3.53998667514922
! 407 0.00406999999999998 3092.21636985466 -3.53998644749868
! 408 0.00407999999999998 3099.81483241672 -3.53998621927385
! 409 0.00408999999999998 3107.41330372235 -3.53998599049008
! 410 0.00409999999999998 3115.01178376753 -3.53998576115213
! 411 0.00410999999999998 3122.61027254807 -3.53998553124881
! 412 0.00411999999999998 3130.20877006001 -3.53998530078387
! 413 0.00412999999999998 3137.80727629939 -3.5399850697599
! 414 0.00413999999999998 3145.40579126219 -3.53998483817443
! 415 0.00414999999999998 3153.0043149442 -3.53998460603377
! 416 0.00415999999999998 3160.60284734155 -3.53998437333339
! 417 0.00416999999999998 3168.20138845023 -3.539984140065
! 418 0.00417999999999998 3175.79993826611 -3.53998390624308
! 419 0.00418999999999998 3183.39849678521 -3.53998367185851
! 420 0.00419999999999998 3190.9970640035 -3.53998343691598
! 421 0.00420999999999998 3198.59563991697 -3.53998320141187
! 422 0.00421999999999998 3206.19422452145 -3.53998296535345
! 423 0.00422999999999998 3213.79281781319 -3.53998272872321
! 424 0.00423999999999998 3221.39141978788 -3.53998249154273
! 425 0.00424999999999998 3228.99003044172 -3.53998225379874
! 426 0.00425999999999998 3236.58864977049 -3.53998201549505
! 427 0.00426999999999998 3244.18727777025 -3.53998177663249
! 428 0.00427999999999998 3251.78591443698 -3.53998153720539
! 429 0.00428999999999998 3259.38455976669 -3.53998129721756
! 430 0.00429999999999997 3266.9832137552 -3.53998105667521
! 431 0.00430999999999997 3274.58187639862 -3.53998081557425
! 432 0.00431999999999997 3282.18054769285 -3.53998057390798
! 433 0.00432999999999997 3289.7792276339 -3.53998033167923
! 434 0.00433999999999997 3297.37791621768 -3.53998008889336
! 435 0.00434999999999997 3304.97661344025 -3.53997984555311
! 436 0.00435999999999997 3312.57531929751 -3.53997960164047
! 437 0.00436999999999997 3320.17403378551 -3.5399793571762
! 438 0.00437999999999997 3327.77275690017 -3.53997911215074
! 439 0.00438999999999997 3335.37148863743 -3.53997886656562
! 440 0.00439999999999997 3342.97022899323 -3.53997862042511
! 441 0.00440999999999997 3350.56897796371 -3.53997837371136
! 442 0.00441999999999997 3358.16773554464 -3.53997812644696
! 443 0.00442999999999997 3365.76650173205 -3.53997787862242
! 444 0.00443999999999997 3373.36527652202 -3.5399776302337
! 445 0.00444999999999997 3380.96405991045 -3.53997738128547
! 446 0.00445999999999997 3388.56285189325 -3.5399771317767
! 447 0.00446999999999997 3396.16165246647 -3.53997688170685
! 448 0.00447999999999997 3403.76046162602 -3.53997663107928
! 449 0.00448999999999997 3411.35927936793 -3.53997637989016
! 450 0.00449999999999997 3418.95810568811 -3.53997612815122
! 451 0.00450999999999997 3426.55694058254 -3.53997587584237
! 452 0.00451999999999997 3434.15578404728 -3.53997562296703
! 453 0.00452999999999997 3441.75463607818 -3.53997536954508
! 454 0.00453999999999997 3449.35349667127 -3.53997511555646
! 455 0.00454999999999997 3456.9523658225 -3.53997486100616
! 456 0.00455999999999997 3464.55124352786 -3.53997460589719
! 457 0.00456999999999996 3472.15012978333 -3.53997435023407
! 458 0.00457999999999996 3479.74902458483 -3.53997409400295
! 459 0.00458999999999996 3487.34792792835 -3.53997383721414
! 460 0.00459999999999996 3494.94683980987 -3.53997357986088
! 461 0.00460999999999996 3502.5457602254 -3.53997332195596
! 462 0.00461999999999996 3510.14468917079 -3.53997306348671
! 463 0.00462999999999996 3517.74362664219 -3.53997280446105
! 464 0.00463999999999996 3525.34257263541 -3.5399725448657
! 465 0.00464999999999996 3532.94152714646 -3.53997228471153
! 466 0.00465999999999996 3540.54049017141 -3.53997202400628
! 467 0.00466999999999996 3548.13946170603 -3.53997176274065
! 468 0.00467999999999996 3555.73844174648 -3.53997150090566
! 469 0.00468999999999996 3563.33743028865 -3.53997123851727
! 470 0.00469999999999996 3570.93642732848 -3.53997097556739
! 471 0.00470999999999996 3578.53543286195 -3.53997071204877
! 472 0.00471999999999996 3586.13444688515 -3.53997044797903
! 473 0.00472999999999996 3593.73346939387 -3.53997018335166
! 474 0.00473999999999996 3601.33250038423 -3.53996991816089
! 475 0.00474999999999996 3608.9315398521 -3.53996965240983
! 476 0.00475999999999996 3616.53058779352 -3.53996938609563
! 477 0.00476999999999996 3624.12964420433 -3.53996911922866
! 478 0.00477999999999996 3631.72870908064 -3.53996885178878
! 479 0.00478999999999996 3639.32778241839 -3.53996858379669
! 480 0.00479999999999996 3646.92686421352 -3.539968315244
! 481 0.00480999999999996 3654.52595446197 -3.5399680461415
! 482 0.00481999999999996 3662.12505315978 -3.53996777646033
! 483 0.00482999999999995 3669.72416030287 -3.53996750622948
! 484 0.00483999999999995 3677.32327588732 -3.5399672354419
! 485 0.00484999999999996 3684.92239990896 -3.53996696408544
! 486 0.00485999999999995 3692.5215323637 -3.539966692172
! 487 0.00486999999999995 3700.12067324772 -3.53996641969824
! 488 0.00487999999999995 3707.71982255685 -3.53996614665711
! 489 0.00488999999999995 3715.31898028705 -3.53996587306832
! 490 0.00489999999999995 3722.91814643443 -3.53996559892029
! 491 0.00490999999999995 3730.51732099477 -3.53996532420315
! 492 0.00491999999999995 3738.1165039642 -3.53996504892597
! 493 0.00492999999999995 3745.71569533853 -3.53996477309583
! 494 0.00493999999999995 3753.31489511391 -3.53996449669722
! 495 0.00494999999999995 3760.9141032862 -3.53996421974037
! 496 0.00495999999999995 3768.51331985134 -3.53996394222856
! 497 0.00496999999999995 3776.11254480542 -3.53996366415282
! 498 0.00497999999999995 3783.71177814425 -3.53996338551963
! 499 0.00498999999999995 3791.31101986389 -3.53996310631922
! 500 0.00499999999999995 3798.91026996033 -3.53996282656336
! 501 0.00500999999999995 3806.50952842943 -3.53996254625202
! 502 0.00501999999999995 3814.10879526737 -3.53996226537414
! 503 0.00502999999999995 3821.70807046989 -3.53996198393537
! 504 0.00503999999999995 3829.30735403305 -3.53996170194475
! 505 0.00504999999999995 3836.9066459529 -3.53996141938245
! 506 0.00505999999999995 3844.50594838276 -3.53996113627178
! 507 0.00506999999999995 3852.10525959076 -3.53996085259141
! 508 0.00507999999999995 3859.70458131259 -3.53996056836308
! 509 0.00508999999999995 3867.30391148966 -3.5399602835568
! 510 0.00509999999999995 3874.90324974977 -3.53995999819671
! 511 0.00510999999999995 3882.50259608856 -3.5399597122804
! 512 0.00511999999999994 3890.10195050233 -3.53995942579908
! 513 0.00512999999999994 3897.70131298687 -3.53995913876883
! 514 0.00513999999999994 3905.30068353812 -3.53995885117238
! 515 0.00514999999999994 3912.90006062786 -3.53995856301319
! 516 0.00515999999999994 3920.49944537176 -3.53995827429105
! 517 0.00516999999999994 3928.09883821007 -3.53995798500425
! 518 0.00517999999999994 3935.69823876395 -3.53995769517364
! 519 0.00518999999999994 3943.29764588049 -3.53995740477714
! 520 0.00519999999999994 3950.89706111753 -3.53995711381077
! 521 0.00520999999999994 3958.49648447096 -3.53995682229697
! 522 0.00521999999999994 3966.09591593697 -3.53995653021389
! 523 0.00522999999999994 3973.69535551135 -3.53995623757747
! 524 0.00523999999999994 3981.29480319026 -3.53995594437704
! 525 0.00524999999999994 3988.89425896971 -3.53995565061275
! 526 0.00525999999999994 3996.49372284571 -3.53995535628636
! 527 0.00526999999999994 4004.09319481421 -3.53995506140918
! 528 0.00527999999999994 4011.69267487118 -3.53995476597084
! 529 0.00528999999999994 4019.29216301279 -3.53995446997104
! 530 0.00529999999999994 4026.89165923484 -3.53995417340906
! 531 0.00530999999999994 4034.49116353351 -3.53995387629098
! 532 0.00531999999999994 4042.09067590478 -3.53995357860669
! 533 0.00532999999999994 4049.69019577104 -3.53995328036591
! 534 0.00533999999999994 4057.28972267578 -3.53995298156591
! 535 0.00534999999999994 4064.88925756734 -3.53995268220017
! 536 0.00535999999999994 4072.48880044172 -3.53995238227781
! 537 0.00536999999999994 4080.0883512949 -3.53995208179584
! 538 0.00537999999999994 4087.68791012297 -3.53995178075035
! 539 0.00538999999999993 4095.28747692192 -3.5399514791479
! 540 0.00539999999999993 4102.88705168762 -3.5399511769892
! 541 0.00540999999999993 4110.48663441632 -3.53995087425858
! 542 0.00541999999999993 4118.08622510379 -3.53995057098067
! 543 0.00542999999999993 4125.68582374625 -3.53995026713124
! 544 0.00543999999999993 4133.28543033959 -3.53994996273141
! 545 0.00544999999999993 4140.8850448798 -3.53994965776394
! 546 0.00545999999999993 4148.48466736293 -3.53994935224634
! 547 0.00546999999999993 4156.08429778492 -3.53994904615841
! 548 0.00547999999999993 4163.68393614195 -3.53994873951449
! 549 0.00548999999999993 4171.28358242986 -3.53994843230215
! 550 0.00549999999999993 4178.88323664472 -3.53994812453867
! 551 0.00550999999999993 4186.48289878262 -3.53994781621366
! 552 0.00551999999999993 4194.08256883946 -3.53994750733395
! 553 0.00552999999999993 4201.68224681128 -3.53994719788644
! 554 0.00553999999999993 4209.28193269404 -3.53994688787988
! 555 0.00554999999999993 4216.88162648384 -3.53994657730959
! 556 0.00555999999999993 4224.48132817663 -3.53994626618931
! 557 0.00556999999999993 4232.08103776843 -3.53994595449726
! 558 0.00557999999999993 4239.68075525534 -3.53994564225398
! 559 0.00558999999999993 4247.28048063325 -3.53994532944466
! 560 0.00559999999999993 4254.8802138981 -3.53994501607379
! 561 0.00560999999999993 4262.47995504606 -3.53994470214923
! 562 0.00561999999999993 4270.07970407309 -3.5399443876599
! 563 0.00562999999999993 4277.6794609752 -3.53994407261793
! 564 0.00563999999999993 4285.27922574837 -3.53994375700495
! 565 0.00564999999999993 4292.87899838862 -3.53994344083651
! 566 0.00565999999999992 4300.47877889201 -3.53994312410827
! 567 0.00566999999999992 4308.07856725446 -3.53994280682089
! 568 0.00567999999999992 4315.678363472 -3.53994248896278
! 569 0.00568999999999992 4323.27816754081 -3.53994217056258
! 570 0.00569999999999992 4330.87797945661 -3.5399418515879
! 571 0.00570999999999992 4338.47779921557 -3.53994153206061
! 572 0.00571999999999992 4346.07762681364 -3.53994121196336
! 573 0.00572999999999992 4353.67746224694 -3.53994089132085
! 574 0.00573999999999992 4361.27730551135 -3.53994057011225
! 575 0.00574999999999992 4368.87715660296 -3.53994024834262
! 576 0.00575999999999992 4376.4770155178 -3.53993992600822
! 577 0.00576999999999992 4384.0768822517 -3.53993960311587
! 578 0.00577999999999992 4391.67675680082 -3.53993927966436
! 579 0.00578999999999992 4399.27663916132 -3.53993895565667
! 580 0.00579999999999992 4406.87652932881 -3.53993863108388
! 581 0.00580999999999992 4414.47642729964 -3.53993830595675
! 582 0.00581999999999992 4422.07633306964 -3.53993798025878
! 583 0.00582999999999992 4429.67624663506 -3.53993765400797
! 584 0.00583999999999992 4437.27616799144 -3.53993732719211
! 585 0.00584999999999992 4444.87609713519 -3.53993699982189
! 586 0.00585999999999992 4452.47603406235 -3.539936671886
! 587 0.00586999999999992 4460.07597876851 -3.53993634339097
! 588 0.00587999999999992 4467.67593125014 -3.53993601433888
! 589 0.00588999999999992 4475.27589150307 -3.53993568472636
! 590 0.00589999999999992 4482.87585952311 -3.53993535455854
! 591 0.00590999999999992 4490.47583530664 -3.53993502381799
! 592 0.00591999999999992 4498.07581884935 -3.53993469252662
! 593 0.00592999999999992 4505.67581014742 -3.53993436066518
! 594 0.00593999999999991 4513.27580919693 -3.53993402826203
! 595 0.00594999999999991 4520.87581599359 -3.53993369528305
! 596 0.00595999999999991 4528.47583053365 -3.53993336174628
! 597 0.00596999999999991 4536.0758528131 -3.53993302764877
! 598 0.00597999999999991 4543.67588282789 -3.53993269298658
! 599 0.00598999999999991 4551.275920574 -3.53993235777232
! 600 0.00599999999999991 4558.87596604753 -3.53993202200023
! 601 0.00600999999999991 4566.47601924444 -3.53993168565941
! 602 0.00601999999999991 4574.07608016062 -3.53993134876651
! 603 0.00602999999999991 4581.67614879229 -3.53993101130858
! 604 0.00603999999999991 4589.27622513535 -3.53993067329089
! 605 0.00604999999999991 4596.87630918589 -3.53993033470986
! 606 0.00605999999999991 4604.47640093978 -3.53992999557365
! 607 0.00606999999999991 4612.07650039297 -3.53992965587801
! 608 0.00607999999999991 4619.67660754184 -3.53992931561754
! 609 0.00608999999999991 4627.27672238198 -3.53992897480058
! 610 0.00609999999999991 4634.87684490954 -3.53992863342198
! 611 0.00610999999999991 4642.47697512058 -3.53992829148527
! 612 0.00611999999999991 4650.07711301114 -3.53992794897718
! 613 0.00612999999999991 4657.67725857713 -3.53992760592615
! 614 0.00613999999999991 4665.27741181461 -3.53992726229869
! 615 0.00614999999999991 4672.87757271955 -3.53992691812093
! 616 0.00615999999999991 4680.47774128801 -3.53992657337517
! 617 0.00616999999999991 4688.07791751584 -3.53992622808551
! 618 0.00617999999999991 4695.67810166386 -3.53992588222051
! 619 0.00618999999999991 4703.27829530341 -3.53992553580323
! 620 0.00619999999999991 4710.87849667704 -3.53992518882409
! 621 0.0062099999999999 4718.47870578095 -3.53992484127532
! 622 0.0062199999999999 4726.07892261087 -3.53992449317797
! 623 0.0062299999999999 4733.67914726015 -3.53992414451167
! 624 0.0062399999999999 4741.27938155994 -3.5399237952876
! 625 0.0062499999999999 4748.87962365632 -3.53992344550704
! 626 0.0062599999999999 4756.47987354492 -3.53992309516985
! 627 0.0062699999999999 4764.08013122186 -3.53992274426447
! 628 0.0062799999999999 4771.68039668316 -3.53992239280257
! 629 0.0062899999999999 4779.28066992464 -3.53992204077849
! 630 0.0062999999999999 4786.88094969716 -3.53992168819747
! 631 0.0063099999999999 4794.48123601795 -3.53992133504631
! 632 0.0063199999999999 4802.08153059674 -3.53992098135383
! 633 0.0063299999999999 4809.68183342921 -3.53992062707977
! 634 0.0063399999999999 4817.28214451147 -3.53992027225429
! 635 0.0063499999999999 4824.88246383952 -3.53991991687278
! 636 0.0063599999999999 4832.48279140942 -3.53991956092463
! 637 0.0063699999999999 4840.08312721711 -3.53991920442551
! 638 0.0063799999999999 4847.68347125858 -3.5399188473609
! 639 0.0063899999999999 4855.28382352976 -3.53991848973338
! 640 0.0063999999999999 4862.88418402675 -3.53991813153617
! 641 0.0064099999999999 4870.4845527455 -3.53991777279442
! 642 0.0064199999999999 4878.08492996271 -3.53991741348803
! 643 0.0064299999999999 4885.6853209279 -3.53991705361719
! 644 0.0064399999999999 4893.28572504906 -3.53991669319637
! 645 0.0064499999999999 4900.8861423223 -3.53991633221002
! 646 0.0064599999999999 4908.48657274338 -3.53991597066469
! 647 0.0064699999999999 4916.08701630852 -3.53991560854516
! 648 0.00647999999999989 4923.68747301372 -3.53991524588116
! 649 0.00648999999999989 4931.28794285482 -3.53991488265471
! 650 0.00649999999999989 4938.88842582811 -3.53991451886628
! 651 0.00650999999999989 4946.48892192921 -3.53991415451195
! 652 0.00651999999999989 4954.08943115443 -3.53991378960423
! 653 0.00652999999999989 4961.68995349969 -3.53991342413209
! 654 0.00653999999999989 4969.29048896094 -3.53991305810504
! 655 0.00654999999999989 4976.89103753423 -3.53991269151972
! 656 0.00655999999999989 4984.49159921557 -3.5399123243683
! 657 0.00656999999999989 4992.09217400099 -3.53991195664986
! 658 0.00657999999999989 4999.69276188646 -3.53991158838132
! 659 0.00658999999999989 5007.29336286789 -3.53991121955206
! 660 0.00659999999999989 5014.89397694138 -3.53991085015847
! 661 0.00660999999999989 5022.4946041031 -3.53991048020663
! 662 0.00661999999999989 5030.0952443487 -3.53991010969781
! 663 0.00662999999999989 5037.69589767452 -3.53990973862339
! 664 0.00663999999999989 5045.29656407631 -3.53990936698994
! 665 0.00664999999999989 5052.89724355023 -3.5399089947963
! 666 0.00665999999999989 5060.49793609209 -3.53990862204597
! 667 0.00666999999999989 5068.09864169822 -3.53990824873014
! 668 0.00667999999999989 5075.69936036432 -3.53990787485728
! 669 0.00668999999999989 5083.30009208658 -3.53990750041846
! 670 0.00669999999999989 5090.90083686092 -3.53990712542923
! 671 0.00670999999999989 5098.50159468331 -3.53990674987645
! 672 0.00671999999999989 5106.10236554993 -3.53990637376668
! 673 0.00672999999999989 5113.7031494566 -3.5399059970809
! 674 0.00673999999999989 5121.30394639936 -3.53990561985174
! 675 0.00674999999999989 5128.90475637421 -3.53990524204822
! 676 0.00675999999999989 5136.50557937727 -3.53990486369312
! 677 0.00676999999999988 5144.10641540439 -3.53990448477966
! 678 0.00677999999999988 5151.7072644516 -3.5399041053036
! 679 0.00678999999999988 5159.30812651502 -3.53990372526708
! 680 0.00679999999999988 5166.90900159051 -3.53990334466417
! 681 0.00680999999999988 5174.50988967416 -3.53990296350839
! 682 0.00681999999999988 5182.11079076201 -3.53990258179724
! 683 0.00682999999999988 5189.71170484992 -3.53990219951585
! 684 0.00683999999999988 5197.3126319341 -3.53990181667545
! 685 0.00684999999999988 5204.91357201026 -3.53990143328284
! 686 0.00685999999999988 5212.51452507472 -3.53990104931435
! 687 0.00686999999999988 5220.11549112319 -3.53990066479752
! 688 0.00687999999999988 5227.71647015192 -3.53990027971563
! 689 0.00688999999999988 5235.31746215673 -3.53989989407549
! 690 0.00689999999999988 5242.91846713382 -3.53989950787952
! 691 0.00690999999999988 5250.51948507905 -3.53989912111818
! 692 0.00691999999999988 5258.12051598837 -3.53989873379529
! 693 0.00692999999999988 5265.72155985797 -3.5398983459164
! 694 0.00693999999999988 5273.32261668376 -3.5398979574771
! 695 0.00694999999999988 5280.92368646159 -3.53989756846935
! 696 0.00695999999999988 5288.52476918768 -3.53989717890612
! 697 0.00696999999999988 5296.12586485795 -3.53989678878825
! 698 0.00697999999999988 5303.72697346842 -3.53989639809911
! 699 0.00698999999999988 5311.32809501508 -3.53989600686052
! 700 0.00699999999999988 5318.92922949393 -3.53989561506288
! 701 0.00700999999999988 5326.53037690103 -3.53989522269405
! 702 0.00701999999999988 5334.13153723217 -3.53989482976235
! 703 0.00702999999999988 5341.73271048372 -3.53989443628144
! 704 0.00703999999999988 5349.33389665139 -3.53989404224425
! 705 0.00704999999999988 5356.93509573121 -3.53989364763544
! 706 0.00705999999999988 5364.53630771934 -3.53989325246797
! 707 0.00706999999999988 5372.13753261155 -3.53989285674377
! 708 0.00707999999999988 5379.73877040398 -3.53989246045134
! 709 0.00708999999999989 5387.34002109267 -3.53989206361335
! 710 0.00709999999999989 5394.94128467355 -3.53989166620767
! 711 0.00710999999999989 5402.54256114277 -3.53989126823418
! 712 0.00711999999999989 5410.14385049611 -3.53989086971379
! 713 0.00712999999999989 5417.74515272974 -3.53989047062161
! 714 0.00713999999999989 5425.34646813296 -3.53989007097301
! 715 0.00714999999999989 5432.94779826985 -3.53988967076323
! 716 0.00715999999999989 5440.54914126946 -3.53988926999635
! 717 0.00716999999999989 5448.15049712762 -3.53988886867484
! 718 0.00717999999999989 5455.75186584034 -3.53988846677528
! 719 0.00718999999999989 5463.35324740361 -3.53988806433149
! 720 0.00719999999999989 5470.95464181355 -3.53988766132247
! 721 0.00720999999999989 5478.55604906599 -3.53988725775071
! 722 0.00721999999999989 5486.15746915683 -3.53988685361614
! 723 0.00722999999999989 5493.75890208236 -3.53988644892356
! 724 0.00723999999999989 5501.36034783813 -3.53988604367716
! 725 0.00724999999999989 5508.96180642057 -3.53988563786315
! 726 0.00725999999999989 5516.56327782523 -3.53988523148685
! 727 0.00726999999999989 5524.16476204861 -3.53988482455459
! 728 0.00727999999999989 5531.76625908625 -3.53988441706555
! 729 0.00728999999999989 5539.3677689342 -3.53988400901337
! 730 0.00729999999999989 5546.96929158862 -3.53988360040248
! 731 0.00730999999999989 5554.57082704532 -3.5398831912266
! 732 0.0073199999999999 5562.17237530036 -3.53988278149529
! 733 0.0073299999999999 5569.77393634972 -3.53988237120189
! 734 0.0073399999999999 5577.37551018933 -3.53988196034097
! 735 0.0073499999999999 5584.97709681522 -3.53988154892705
! 736 0.0073599999999999 5592.57869622338 -3.53988113694981
! 737 0.0073699999999999 5600.18030840978 -3.53988072441231
! 738 0.0073799999999999 5607.78193337043 -3.53988031132278
! 739 0.0073899999999999 5615.38357110115 -3.53987989766143
! 740 0.0073999999999999 5622.98522159824 -3.53987948344015
! 741 0.0074099999999999 5630.58688485726 -3.53987906866952
! 742 0.0074199999999999 5638.18856087451 -3.53987865333206
! 743 0.0074299999999999 5645.79024964588 -3.5398782374297
! 744 0.0074399999999999 5653.39195116735 -3.53987782097384
! 745 0.0074499999999999 5660.99366543486 -3.53987740395913
! 746 0.0074599999999999 5668.59539244453 -3.53987698637297
! 747 0.0074699999999999 5676.19713219213 -3.5398765682355
! 748 0.0074799999999999 5683.79888467386 -3.53987614953877
! 749 0.0074899999999999 5691.40064988533 -3.5398757302805
! 750 0.0074999999999999 5699.00242741807 -3.53987531045892
! 751 0.0075099999999999 5706.6042173618 -3.53987489007869
! 752 0.0075199999999999 5714.20602000224 -3.53987446912783
! 753 0.0075299999999999 5721.80783533573 -3.53987404763057
! 754 0.0075399999999999 5729.40966335818 -3.5398736255747
! 755 0.0075499999999999 5737.01150406531 -3.53987320295084
! 756 0.0075599999999999 5744.61335745337 -3.53987277976849
! 757 0.0075699999999999 5752.21522351821 -3.53987235602206
! 758 0.00757999999999991 5759.81710225596 -3.53987193172169
! 759 0.00758999999999991 5767.41899366242 -3.5398715068588
! 760 0.00759999999999991 5775.02089773358 -3.53987108142856
! 761 0.00760999999999991 5782.62281446556 -3.53987065544371
! 762 0.00761999999999991 5790.22474385418 -3.53987022890409
! 763 0.00762999999999991 5797.8266858956 -3.53986980179846
! 764 0.00763999999999991 5805.42864058556 -3.53986937412668
! 765 0.00764999999999991 5813.03060792025 -3.53986894590891
! 766 0.00765999999999991 5820.63258789558 -3.53986851711421
! 767 0.00766999999999991 5828.23458050751 -3.53986808777331
! 768 0.00767999999999991 5835.836585752 -3.53986765786693
! 769 0.00768999999999991 5843.43860362511 -3.53986722740189
! 770 0.00769999999999991 5851.04063412273 -3.53986679636229
! 771 0.00770999999999991 5858.64267724088 -3.53986636478557
! 772 0.00771999999999991 5866.24473297538 -3.53986593263276
! 773 0.00772999999999991 5873.84680132243 -3.53986549992208
! 774 0.00773999999999991 5881.44888227808 -3.53986506665541
! 775 0.00774999999999991 5889.05097583809 -3.53986463282769
! 776 0.00775999999999991 5896.65308199853 -3.53986419843356
! 777 0.00776999999999991 5904.25520075544 -3.53986376348211
! 778 0.00777999999999991 5911.85733210453 -3.53986332797156
! 779 0.00778999999999991 5919.45947604213 -3.53986289189753
! 780 0.00779999999999991 5927.06163256384 -3.53986245527243
! 781 0.00780999999999992 5934.66380166609 -3.5398620180761
! 782 0.00781999999999992 5942.26598334449 -3.53986158032706
! 783 0.00782999999999992 5949.86817759512 -3.53986114201448
! 784 0.00783999999999992 5957.4703844141 -3.53986070314116
! 785 0.00784999999999992 5965.07260379722 -3.53986026369759
! 786 0.00785999999999992 5972.67483574059 -3.53985982370875
! 787 0.00786999999999992 5980.27708024007 -3.5398593831534
! 788 0.00787999999999992 5987.87933729175 -3.53985894203515
! 789 0.00788999999999992 5995.48160689159 -3.53985850036802
! 790 0.00789999999999992 6003.08388903545 -3.53985805813192
! 791 0.00790999999999992 6010.68618371947 -3.53985761533312
! 792 0.00791999999999992 6018.28849093944 -3.53985717198265
! 793 0.00792999999999992 6025.89081069155 -3.53985672805704
! 794 0.00793999999999992 6033.49314297155 -3.53985628358429
! 795 0.00794999999999992 6041.09548777562 -3.53985583854304
! 796 0.00795999999999992 6048.69784509974 -3.53985539294772
! 797 0.00796999999999992 6056.30021493967 -3.53985494679293
! 798 0.00797999999999992 6063.90259729158 -3.53985450006762
! 799 0.00798999999999992 6071.50499215143 -3.53985405278755
! 800 0.00799999999999992 6079.10739951508 -3.53985360494428
! 801 0.00800999999999992 6086.70981937871 -3.53985315654887
! 802 0.00801999999999992 6094.31225173809 -3.53985270758707
! 803 0.00802999999999992 6101.91469658924 -3.5398522580659
! 804 0.00803999999999992 6109.51715392818 -3.53985180798129
! 805 0.00804999999999992 6117.11962375087 -3.53985135734229
! 806 0.00805999999999992 6124.72210605336 -3.53985090613658
! 807 0.00806999999999992 6132.32460083155 -3.53985045438211
! 808 0.00807999999999993 6139.92710808135 -3.53985000205202
! 809 0.00808999999999993 6147.52962779892 -3.53984954917323
! 810 0.00809999999999993 6155.13215998016 -3.53984909573164
! 811 0.00810999999999993 6162.734704195 -3.53984864173006
! 812 0.00811999999999993 6170.33725836438 -3.53984818716179
! 813 0.00812999999999993 6177.93982479454 -3.53984773203643
! 814 0.00813999999999993 6185.54240348181 -3.53984727634915
! 815 0.00814999999999993 6193.14499442197 -3.53984682010102
! 816 0.00815999999999993 6200.74759694871 -3.53984636329226
! 817 0.00816999999999993 6208.35020951013 -3.53984590593051
! 818 0.00817999999999993 6215.95283412868 -3.53984544800662
! 819 0.00818999999999993 6223.55547080042 -3.5398449895169
! 820 0.00819999999999993 6231.15811952122 -3.53984453047069
! 821 0.00820999999999993 6238.76078028698 -3.53984407085168
! 822 0.00821999999999993 6246.36345309376 -3.53984361068333
! 823 0.00822999999999993 6253.96613793747 -3.53984314996098
! 824 0.00823999999999993 6261.56883481414 -3.53984268866892
! 825 0.00824999999999993 6269.17154371977 -3.53984222681544
! 826 0.00825999999999993 6276.77426465003 -3.53984176440483
! 827 0.00826999999999993 6284.37699760136 -3.53984130143452
! 828 0.00827999999999993 6291.97974256929 -3.53984083790011
! 829 0.00828999999999993 6299.58249955007 -3.53984037381308
! 830 0.00829999999999993 6307.18526853953 -3.53983990916097
! 831 0.00830999999999994 6314.78804953361 -3.53983944393849
! 832 0.00831999999999994 6322.39084252839 -3.53983897817541
! 833 0.00832999999999994 6329.99364751983 -3.53983851183462
! 834 0.00833999999999994 6337.59646450377 -3.53983804494795
! 835 0.00834999999999994 6345.19929347631 -3.5398375774947
! 836 0.00835999999999994 6352.80213443333 -3.539837109472
! 837 0.00836999999999994 6360.40498737079 -3.53983664090005
! 838 0.00837999999999994 6368.00785228462 -3.53983617175695
! 839 0.00838999999999994 6375.61072917101 -3.53983570206699
! 840 0.00839999999999994 6383.21361802567 -3.53983523180133
! 841 0.00840999999999994 6390.81651884458 -3.53983476099784
! 842 0.00841999999999994 6398.41943162392 -3.53983428961476
! 843 0.00842999999999994 6406.02235586827 -3.53983381767932
! 844 0.00843999999999994 6413.62529110389 -3.53983334517484
! 845 0.00844999999999994 6421.22823819959 -3.53983287211962
! 846 0.00845999999999994 6428.83119715115 -3.5398323984956
! 847 0.00846999999999994 6436.43416795478 -3.53983192431908
! 848 0.00847999999999994 6444.03715060621 -3.5398314495749
! 849 0.00848999999999994 6451.64014510158 -3.53983097428215
! 850 0.00849999999999994 6459.24315143684 -3.53983049840595
! 851 0.00850999999999994 6466.84616960781 -3.53983002199108
! 852 0.00851999999999994 6474.44919961065 -3.53982954501305
! 853 0.00852999999999994 6482.05224144122 -3.53982906746969
! 854 0.00853999999999994 6489.65529509535 -3.53982858936915
! 855 0.00854999999999994 6497.25836056919 -3.53982811069896
! 856 0.00855999999999994 6504.86143785872 -3.53982763147388
! 857 0.00856999999999995 6512.46452695968 -3.53982715169091
! 858 0.00857999999999995 6520.06762786828 -3.53982667134871
! 859 0.00858999999999995 6527.67074058034 -3.53982619044423
! 860 0.00859999999999995 6535.27386509183 -3.53982570897617
! 861 0.00860999999999995 6542.87700139872 -3.53982522695307
! 862 0.00861999999999995 6550.48014949716 -3.53982474436285
! 863 0.00862999999999995 6558.08330938275 -3.53982426121478
! 864 0.00863999999999995 6565.68648105174 -3.53982377750821
! 865 0.00864999999999995 6573.28966449975 -3.53982329324306
! 866 0.00865999999999995 6580.89285972331 -3.53982280840644
! 867 0.00866999999999995 6588.49606671784 -3.53982232301462
! 868 0.00867999999999995 6596.09928547961 -3.53982183706727
! 869 0.00868999999999995 6603.70251600447 -3.53982135055659
! 870 0.00869999999999995 6611.30575828823 -3.5398208634899
! 871 0.00870999999999995 6618.90901232725 -3.53982037585114
! 872 0.00871999999999995 6626.51227811712 -3.53981988766719
! 873 0.00872999999999995 6634.11555565403 -3.53981939891147
! 874 0.00873999999999995 6641.7188449337 -3.53981890960066
! 875 0.00874999999999995 6649.32214595244 -3.53981841972431
! 876 0.00875999999999995 6656.92545870585 -3.53981792929653
! 877 0.00876999999999995 6664.52878319003 -3.53981743829754
! 878 0.00877999999999995 6672.13211940101 -3.53981694674574
! 879 0.00878999999999995 6679.73546733465 -3.53981645463145
! 880 0.00879999999999995 6687.3388269871 -3.53981596196106
! 881 0.00880999999999996 6694.94219835394 -3.53981546871872
! 882 0.00881999999999995 6702.54558143153 -3.53981497492372
! 883 0.00882999999999996 6710.14897549161 -3.53981448056429
! 884 0.00883999999999996 6717.75237798585 -3.53981398565267
! 885 0.00884999999999996 6725.35579694578 -3.53981349016852
! 886 0.00885999999999996 6732.95923236734 -3.53981299412881
! 887 0.00886999999999996 6740.56268424641 -3.5398124975348
! 888 0.00887999999999996 6748.16615257894 -3.53981200038078
! 889 0.00888999999999996 6755.76963736117 -3.53981150265554
! 890 0.00889999999999996 6763.37313858887 -3.53981100437617
! 891 0.00890999999999996 6770.97665625789 -3.53981050553309
! 892 0.00891999999999996 6778.5801903646 -3.53981000613273
! 893 0.00892999999999996 6786.18374090453 -3.53980950617132
! 894 0.00893999999999996 6793.787306674 -3.53980900565117
! 895 0.00894999999999996 6801.39088816039 -3.53980850457055
! 896 0.00895999999999996 6808.99448609421 -3.5398080029322
! 897 0.00896999999999996 6816.59810047147 -3.53980750072261
! 898 0.00897999999999996 6824.2017335306 -3.53980699795174
! 899 0.00898999999999996 6831.80538413275 -3.53980649463116
! 900 0.00899999999999996 6839.40905183432 -3.53980599073945
! 901 0.00900999999999996 6847.01273663114 -3.53980548630356
! 902 0.00901999999999996 6854.61643851948 -3.53980498129182
! 903 0.00902999999999996 6862.22015749524 -3.53980447572927
! 904 0.00903999999999996 6869.82389355421 -3.53980396960122
! 905 0.00904999999999996 6877.42764543388 -3.53980346291463
! 906 0.00905999999999997 6885.03141383152 -3.53980295566411
! 907 0.00906999999999997 6892.63519932478 -3.53980244784735
! 908 0.00907999999999997 6900.23900190974 -3.53980193948282
! 909 0.00908999999999997 6907.8428215825 -3.53980143055627
! 910 0.00909999999999997 6915.44665833894 -3.53980092105725
! 911 0.00910999999999997 6923.05051217507 -3.53980041101018
! 912 0.00911999999999997 6930.65438308676 -3.53979990039851
! 913 0.00912999999999997 6938.25827107022 -3.53979938923118
! 914 0.00913999999999997 6945.86217612149 -3.53979887749359
! 915 0.00914999999999997 6953.46609823618 -3.53979836520222
! 916 0.00915999999999997 6961.07003741079 -3.53979785234845
! 917 0.00916999999999997 6968.67399364098 -3.53979733894097
! 918 0.00917999999999997 6976.27796692278 -3.53979682496597
! 919 0.00918999999999997 6983.88195725226 -3.53979631042677
! 920 0.00919999999999997 6991.48596462539 -3.53979579533209
! 921 0.00920999999999997 6999.08998903823 -3.53979527967272
! 922 0.00921999999999997 7006.69403048671 -3.53979476345988
! 923 0.00922999999999997 7014.29808896674 -3.53979424667793
! 924 0.00923999999999997 7021.90216447453 -3.53979372934476
! 925 0.00924999999999997 7029.50625700583 -3.53979321144825
! 926 0.00925999999999997 7037.11036655692 -3.53979269298662
! 927 0.00926999999999997 7044.7144931235 -3.53979217397297
! 928 0.00927999999999997 7052.31863670175 -3.53979165438741
! 929 0.00928999999999997 7059.92279728763 -3.53979113424897
! 930 0.00929999999999997 7067.52697487716 -3.53979061354498
! 931 0.00930999999999997 7075.13116946618 -3.5397900922896
! 932 0.00931999999999998 7082.73538105084 -3.53978957046517
! 933 0.00932999999999998 7090.33960962712 -3.53978904808471
! 934 0.00933999999999998 7097.94385519093 -3.53978852514176
! 935 0.00934999999999998 7105.54811773838 -3.53978800163695
! 936 0.00935999999999998 7113.15239726543 -3.53978747757719
! 937 0.00936999999999998 7120.75669376805 -3.53978695294604
! 938 0.00937999999999998 7128.36100724235 -3.53978642776204
! 939 0.00938999999999998 7135.965337684 -3.53978590201505
! 940 0.00939999999999998 7143.56968508928 -3.53978537570813
! 941 0.00940999999999998 7151.17404945409 -3.53978484884123
! 942 0.00941999999999998 7158.77843077446 -3.53978432141257
! 943 0.00942999999999998 7166.38282904638 -3.5397837934245
! 944 0.00943999999999998 7173.98724426587 -3.53978326487791
! 945 0.00944999999999998 7181.59167642882 -3.53978273576294
! 946 0.00945999999999998 7189.19612553145 -3.53978220610092
! 947 0.00946999999999998 7196.80059381958 -3.53978167586839
! 948 0.00947999999999998 7204.40507940248 -3.53978114507718
! 949 0.00948999999999998 7212.00958180296 -3.53978061372969
! 950 0.00949999999999998 7219.61410101726 -3.53978008181531
! 951 0.00950999999999998 7227.21863704145 -3.53977954933741
! 952 0.00951999999999998 7234.82318987133 -3.53977901630653
! 953 0.00952999999999998 7242.42775950287 -3.53977848272285
! 954 0.00953999999999998 7250.03234852089 -3.53977794856191
! 955 0.00954999999999998 7257.63695426797 -3.53977741384658
! 956 0.00955999999999999 7265.24157669967 -3.53977687856417
! 957 0.00956999999999998 7272.84621581177 -3.53977634273218
! 958 0.00957999999999999 7280.45087160042 -3.53977580633473
! 959 0.00958999999999999 7288.05554406172 -3.53977526938588
! 960 0.00959999999999999 7295.66023319142 -3.5397747318669
! 961 0.00960999999999999 7303.26493898573 -3.5397741937881
! 962 0.00961999999999999 7310.86966144038 -3.53977365514615
! 963 0.00962999999999999 7318.47440055168 -3.53977311594666
! 964 0.00963999999999999 7326.07915631552 -3.53977257618862
! 965 0.00964999999999999 7333.68392872777 -3.53977203586763
! 966 0.00965999999999999 7341.28871778462 -3.53977149498876
! 967 0.00966999999999999 7348.89352348189 -3.53977095354034
! 968 0.00967999999999999 7356.49834581563 -3.53977041154026
! 969 0.00968999999999999 7364.10318478196 -3.53976986897823
! 970 0.00969999999999999 7371.70804037669 -3.53976932585785
! 971 0.00970999999999999 7379.3129125958 -3.53976878216459
! 972 0.00971999999999999 7386.91780143555 -3.53976823792993
! 973 0.00972999999999999 7394.52270689157 -3.53976769311575
! 974 0.00973999999999999 7402.1276289603 -3.53976714775137
! 975 0.00974999999999999 7409.73256763722 -3.53976660182559
! 976 0.00975999999999999 7417.33752291878 -3.53976605534008
! 977 0.00976999999999999 7424.9424948006 -3.53976550829352
! 978 0.00977999999999999 7432.54748327892 -3.53976496068232
! 979 0.00978999999999999 7440.15248834964 -3.53976441251552
! 980 0.00979999999999999 7447.7575100088 -3.53976386378436
! 981 0.00981 7455.36254825241 -3.53976331449882
! 982 0.00982 7462.96760307642 -3.53976276464536
! 983 0.00983 7470.57267447694 -3.53976221423904
! 984 0.00984 7478.17776244968 -3.53976166325818
! 985 0.00985 7485.78286699088 -3.53976111173032
! 986 0.00986 7493.38798809648 -3.53976055963376
! 987 0.00987 7500.99312576234 -3.5397600069859
! 988 0.00988 7508.59827998468 -3.53975945376522
! 989 0.00989 7516.20345091407 -3.53975889998755
! 990 0.0099 7523.80864017008 -3.53975834565721
! 991 0.00991 7531.41384607397 -3.53975779076142
! 992 0.00992 7539.01906862175 -3.53975723530418
! 993 0.00993 7546.62430780954 -3.5397566792854
! 994 0.00994 7554.22956363321 -3.53975612271018
! 995 0.00995 7561.8348360885 -3.53975556557386
! 996 0.00996 7569.44012517177 -3.53975500787815
! 997 0.00997 7577.04543087866 -3.53975444961163
! 998 0.00998 7584.65075320534 -3.5397538907924
! 999 0.00999 7592.25609214794 -3.5397533314117
! 1000 0.01 7599.86144770212 -3.53975277146552
